LB 5+Rank 4 0.2 2.1 3.05 2.75 1.3
LB 10+Rank 8 0.4 4.2 6.1 5.5 2.6
LB 15+Rank 12 0.6 6.3 9.9 8.25 3.9
LB 20+Rank 20 1 10.5 16.5 13.75 6.5
LB 25+Rank 28 1.4 14.7 23.1 19.25 9.1
LB 30 32 1.4 16.3 25.9 21.35 9.7
RB 5+Rank 4 0.2 2.1 3.05 2.75 1.3
RB 10+Rank 8 0.4 4.2 6.1 5.5 2.6
RB 15+Rank 12 0.6 6.3 9.9 8.25 3.9
RB 20+Rank 20 1 10.5 16.5 13.75 6.5
RB 25+Rank 28 1.4 14.7 23.1 19.25 9.1
RB 30 32 1.4 16.3 25.9 21.35 9.7
LW 5+Rank 4 2.95 2.5 3.65 0.15 0.7
LW 10+Rank 8 5.9 5 7.3 0.3 1.4
LW 15+Rank 12 8.85 7.5 10.95 0.45 2.1
LW 20+Rank 20 14.75 12.5 18.25 0.75 3.5
LW 25+Rank 28 20.65 17.5 25.55 1.05 4.9
LW 30 32 23.15 19.4 29.05 1.05 4.9
RW 5+Rank 4 2.95 2.5 3.65 0.15 0.7
RW 10+Rank 8 5.9 5 7.3 0.3 1.4
RW 15+Rank 12 8.85 7.5 10.95 0.45 2.1
RW 20+Rank 20 14.75 12.5 18.25 0.75 3.5
RW 25+Rank 28 20.65 17.5 25.55 1.05 4.9
RW 30 32 23.15 19.4 29.05 1.05 4.9
CAM 5+Rank 2.5 3.55 2.8 3.4 0.4 0.5
CAM 10+Rank 5 7.1 5.6 6.8 0.8 1
CAM 15+Rank 7.5 10.65 8.4 10.2 1.2 1.5
CAM 20+Rank 12.5 17.75 14 17 2 2.5
CAM 25+Rank 17.5 24.85 19.6 23.8 2.8 3.5
CAM 30 19.5 28.25 21.8 26.8 2.8 3.5
CM 5+Rank 2.5 1.75 3.45 2.9 1.85 0.5
CM 10+Rank 5 3.5 6.9 5.8 3.7 1
CM 15+Rank 7.5 5.25 10.35 8.7 5.55 1.5
CM 20+Rank 12.5 8.75 17.25 14.5 9.25 2.5
CM 25+Rank 17.5 12.25 24.15 20.3 12.95 3.5
CM 30 19.5 13.45 27.55 22.8 14.15 3.5
CB 5+Rank 2.5 0.55 1.45 1.9 3.8 3.5
CB 10+Rank 5 1.1 2.9 3.8 7.6 7
CB 15+Rank 7.5 1.65 4.35 5.7 11.4 10.5
CB 20+Rank 12.5 2.75 7.25 9.5 19 17.5
CB 25+Rank 17.5 3.85 10.15 13.3 26.6 24.5
CB 30 19.5 4.25 11.15 14.6 30.2 27.5
ST 5+Rank 3 3.35 1.1 3.5 0.45 2.2
ST 10+Rank 6 6.7 2.2 7 0.9 4.4
ST 15+Rank 9 10.05 3.3 10.5 1.35 6.6
ST 20+Rank 15 16.75 5.5 17.5 2.25 11
ST 25+Rank 21 23.45 7.7 24.5 3.15 15.4
ST 30 23 26.75 8.3 28 3.45 16.8
CF 5+Rank 3 3.55 1.85 3.65 0.3 1
CF 10+Rank 6 7.1 3.7 7.3 0.6 2
CF 15+Rank 9 10.65 5.55 10.95 0.9 3
CF 20+Rank 15 17.75 9.25 18.25 1.5 5
CF 25+Rank 21 24.85 12.95 25.55 2.1 7
CF 30 23 28.15 14.45 29.05 2.4 7
LWB 5+Rank 4 0.4 2.7 3.65 1.65 1.1
LWB 10+Rank 8 0.8 5.4 7.3 3.3 2.2
LWB 15+Rank 12 1.2 8.1 10.95 4.95 3.3
LWB 20+Rank 20 2 13.5 18.25 8.25 5.5
LWB 25+Rank 28 2.8 18.9 25.55 11.55 7.7
LWB 30 32 2.8 21.1 28.85 12.75 8.3
RWB 5+Rank 4 0.4 2.7 3.65 1.65 1.1
RWB 10+Rank 8 0.8 5.4 7.3 3.3 2.2
RWB 15+Rank 12 1.2 8.1 10.95 4.95 3.3
RWB 20+Rank 20 2 13.5 18.25 8.25 5.5
RWB 25+Rank 28 2.8 18.9 25.55 11.55 7.7
RWB 30 32 2.8 21.1 28.85 12.75 8.3
CDM 5+Rank 2.5 0.95 2.8 2.4 3.2 1.9
CDM 10+Rank 5 1.9 5.6 4.8 6.4 3.8
CDM 15+Rank 7.5 2.85 8.4 7.2 9.6 5.7
CDM 20+Rank 12.5 4.75 14 12 16 9.5
CDM 25+Rank 17.5 6.65 19.6 16.8 22.4 13.3
CDM 30 19.5 7.05 22.1 18.6 25.4 14.9
LM 5+Rank 4 2.25 2.55 3.65 0.8 0.5
LM 10+Rank 8 4.5 5.1 7.3 1.6 1
LM 15+Rank 12 6.75 7.65 10.95 2.4 1.5
LM 20+Rank 20 11.25 12.75 18.25 4 2.5
LM 25+Rank 28 15.75 17.85 25.55 5.6 3.5
LM 30 32 17.65 19.75 29.05 6 3.5
RM 5+Rank 4 2.25 2.55 3.65 0.8 0.5
RM 10+Rank 8 4.5 5.1 7.3 1.6 1
RM 15+Rank 12 6.75 7.65 10.95 2.4 1.5
RM 20+Rank 20 11.25 12.75 18.25 4 2.5
RM 25+Rank 28 15.75 17.85 25.55 5.6 3.5
RM 30 32 17.65 19.75 29.05 6 3.5
GK 5+Rank 4 3.45 3 1.25 0.45 0
GK 10+Rank 8 6.9 6 2.5 0.9 0
GK 15+Rank 12 10.35 9 3.75 1.35 0
GK 20+Rank 20 17.25 15 6.25 2.25 0
GK 25+Rank 28 24.15 21 8.75 3.15 0
GK 30 32 27.35 23.2 9.75 3.55 0
